100,115045,1,0,0
100,115040,2,0,0
100,115036,3,0,0
100,115035,4,0,0
100,115055,5,0,0
100,115027,6,0,0
100,115022,7,0,0
100,115002,8,0,0
100,115004,9,0,0
100,115056,10,0,0
100,115009,11,0,0
100,115011,12,0,0
100,115012,13,0,0
100,115015,14,0,0
100,115018,15,0,0
100,115019,16,0,0
100,115013,17,1,1
201,115019,1,0,0
201,115017,2,0,0
201,115016,3,0,0
201,115057,4,0,0
201,115008,5,0,0
201,115006,6,0,0
201,115061,7,0,0
201,115058,8,0,0
201,115059,9,0,0
201,115027,10,0,0
201,115033,11,0,0
201,115034,12,0,0
201,115037,13,0,0
201,115038,14,0,0
201,115053,15,0,0
201,115000,16,0,0
201,115045,17,1,1
400,115045,1,0,0
400,115040,2,0,0
400,115036,3,0,0
400,115035,4,0,0
400,115055,5,0,0
400,115027,6,0,0
400,115028,7,0,0
400,115029,8,0,0
400,115030,9,0,0
400,115064,10,0,0
400,115065,11,0,0
400,115031,12,0,0
400,115032,13,0,0
400,115024,14,1,1
401,115024,1,0,0
401,115025,2,0,0
401,115026,3,0,0
401,115052,4,0,0
401,115031,5,0,0
401,115032,6,0,0
401,115027,7,0,0
401,115033,8,0,0
401,115034,9,0,0
401,115037,10,0,0
401,115038,11,0,0
401,115053,12,0,0
401,115000,13,0,0
401,115045,14,1,1
500,115023,1,0,0
500,115070,2,0,0
500,115033,3,0,0
500,115034,4,0,0
500,115037,5,0,0
500,115038,6,0,0
500,115053,7,0,0
500,115000,8,0,0
500,115045,9,1,1
501,115045,1,0,0
501,115040,2,0,0
501,115036,3,0,0
501,115035,4,0,0
501,115055,5,0,0
501,115070,6,0,0
501,115023,7,0,0
501,115071,8,0,0
501,115072,9,0,0
501,115020,10,0,0
501,115069,11,0,0
501,115021,12,0,0
501,115066,13,0,0
501,115067,14,0,0
1101,115045,1,0,0
1101,115042,2,0,0
1101,115046,3,0,0
1101,115048,4,0,0
1101,115049,5,0,0
1101,115060,6,0,0
1101,115051,7,0,0
1101,115050,8,0,0
1101,115047,9,0,0
1101,115054,10,0,0
1101,115043,11,0,0
1101,115041,12,0,0
1101,115039,13,0,0
1101,115044,14,0,0
1200,115013,1,0,0
1200,115063,2,0,0
1200,115010,3,0,0
1200,115001,4,0,0
1200,115002,5,0,0
1200,115003,6,0,0
1200,115005,7,0,0
1200,115007,8,0,0
1200,115014,9,0,0
1200,115019,10,1,1
