100,'4616',943,,674,1,,,0,395,,675,1,,,0
100,'4653',715,,676,1,,,0,286,,677,1,,,0,318,,678,1,,,0,296,,679,1,,,0,123,,680,1,,,0
201,'4616',1111,,681,17,4,,0,398,,682,17,4,,0
201,'4653',804,,683,17,4,,0,119,,684,17,4,,0,288,,685,17,4,,0,314,,686,17,4,,0,285,,687,17,4,,0
400,'4653',631,,691,1,,,0,295,,690,1,0,8 9,0,581,,692,1,,,0,196,,689,1,0,8 9,0,110,,688,1,,,0
401,'4653',712,,694,11,4,,0,246,,696,10,4,,0,593,,697,11,4,,0,184,,695,10,4,,0,119,,693,11,4,,0
500,'4616',941,,698,9,4,,0,395,,699,9,4,,0
500,'4653',931,,700,9,4,,0,387,,701,9,4,,0,323,,702,9,4,,0
501,'4616',838,,704,1,,,0,394,,703,1,,,0
501,'4653',828,,705,1,,,0,386,,707,1,,,0,322,,706,1,,,0
1101,'4653',807,,709,1,,,0,19,,709,15,4,,0,106,,710,1,,,0,19,,710,15,4,,0,603,,708,1,,,0,59,,708,15,4,,0,29,,711,1,,,0,59,,711,15,4,,0
